150 2 3
-0.7081434396 2.7907900587
-1.3027126485 1.3793022174
-0.5330901411 1.3610796957
-1.5623729656 1.1361376868
-1.9368236930 3.3776800498
-0.9612065790 1.6495836767
-2.1951168006 1.0038028414
-0.8463389001 3.7779041167
-1.2299920573 2.7506668349
-1.0469637683 2.4999606562
-0.4270261512 1.0137414642
-2.7497188806 3.8389779657
-0.7303783878 1.2121255077
-0.1211605004 2.2783002942
-2.7451394166 3.1859911475
-0.0622011783 2.2390701691
-0.6497084803 1.6246561003
-1.0727721464 3.4621131020
-2.3594665575 2.6514364378
-1.2748515389 1.6455898310
-1.1196383220 3.5444665006
-1.2687149460 3.5397118651
-0.1578653606 3.3919045408
-2.9586857829 2.8595006887
-1.2460370414 1.6836025300
-1.2918146973 1.6227717050
-1.5022501494 2.9015642988
-2.0058056646 2.7537377264
-2.8449070545 3.2400163572
-2.0090422603 2.2650576979
-2.5720432894 2.9717898929
-1.0491939205 2.1869595458
-0.2127803185 1.7583533013
-2.3697040917 2.0795239263
-1.7813861654 3.1394851349
-0.2661412769 1.0257043225
-2.4052123879 1.5258533281
-1.2861758254 3.0550209742
-2.8057344808 2.8448549763
-2.7846900891 1.0184626450
-0.2565210338 1.7895063977
-2.5812793325 2.5567790270
-1.4288259776 3.3602191566
-0.4198343898 1.8409805476
-1.9422784042 2.1665218004
-2.4536415687 1.9428033577
-1.9166858888 1.3906633945
-2.0798106280 1.4871675348
-1.6426755539 1.0686505715
-2.3211648878 1.7411503914
1.7641427365 3.6782678159
1.3194205906 3.1541608387
1.1244695358 3.2141041440
1.5466136284 5.2918485968
1.6702030113 4.1280113181
1.0861379366 5.2558701418
1.9287552968 3.9499678136
1.7430832642 3.6532997684
1.5904589228 4.3477993613
0.6295961807 5.0735348154
0.8669066590 3.3268409398
0.5201704310 3.7289577592
1.8905626319 4.2764113491
1.9805274112 4.7051790758
0.4704121837 3.0170017596
0.8400202256 4.0799940374
1.5125556457 3.9947581569
1.3596796887 3.5955161197
0.6534928225 4.5518855548
1.5791059069 4.4759337233
1.8130002026 5.2306696589
1.7274123716 3.4872080329
1.1647468469 4.5885873245
1.0601049660 4.4017804807
0.3723660157 4.9860858429
0.8079683165 3.9836017141
0.0435740870 4.6426405235
0.4128484133 4.4458263396
1.9384900463 3.8639076382
1.6190751092 4.3665157583
1.2220492172 4.1007979366
1.1948982507 4.5451550251
0.7948658078 3.3064082137
1.5957148236 4.5755804855
1.5537603079 5.1440096504
1.0775697522 4.5154363547
0.1632739886 5.0401813375
0.1352990649 4.3499529292
0.3942854351 4.2187085911
1.5809654980 3.6099089797
0.3715295622 5.4528717016
0.9136127100 3.3953586550
0.9797421878 5.4796678914
0.9768389709 4.4741106532
0.0282381114 4.8128374206
0.4804341884 5.2754298551
1.0073711212 3.7205790655
1.2888083817 5.3263761609
0.4484023366 4.0180774543
0.6852199905 3.0994668963
2.1562118815 0.8926993491
1.2665068818 1.1141591815
2.1965817002 0.7821618501
2.3429367844 1.4500185982
2.8064173253 1.1931160412
1.8998275096 0.4587122173
2.1230676850 0.7366238597
1.3585672659 1.4059557367
2.0276338694 1.7405004067
2.2351631026 0.0950541309
1.9937035464 0.9601900352
2.9537891365 0.0688068714
2.8200730463 0.3407562366
2.7226452881 0.4932182073
1.8288475570 1.6889563122
2.0127689330 1.2416386140
1.5345366900 1.9251800509
2.5352274098 0.3293034104
1.1633359759 1.4188408877
1.2459744704 0.0541044975
1.9290767657 0.0419422583
2.3388659010 0.6222223307
2.7137192905 1.1558417041
2.5274458615 1.7615375937
1.5751664687 0.0414476876
1.9194136732 0.7438566408
1.6793231691 1.3713609183
2.6410396271 1.2936583289
2.8242206051 0.8138373315
2.5661760485 0.0077695220
2.8478867120 0.3396840198
2.0771955662 0.3275793447
1.3850555272 1.6645583897
1.0216497530 0.8240297244
2.0500852043 1.7465998603
2.6820459220 0.7019348032
1.4576219535 1.0607500667
2.8302633669 0.0493159837
2.0675233873 0.6547617920
2.7460269267 0.0618895479
1.9480674514 0.6032434355
1.4017349196 1.1890062111
1.4714897308 0.7132748643
2.8666363779 1.0297298621
2.0501359034 1.3888020961
1.5679872789 1.3703450049
1.8663822603 0.4515076643
2.0498853406 0.7559908037
2.3193326443 0.8229558369
2.7032730400 0.6893467397
